%YAML:1.0

R_00: 0.997771
R_01: -0.06437
R_02: 0.01759725
R_10: 0.062407
R_11: 0.993446
R_12: 0.095759
R_20: -0.02364642
R_21: -0.094447691
R_22: 0.995249
T_0: -310.0344519
T_1: 28.420721
T_2: -3.26565
B: 320
pair_threshold: 60
size_threshold: 35
